overflow
overflow
overflow
overflow
overflow
overflow
overflow
overflow
overflow
overflow
overflow
overflow
overflow
overflow
overflow
overflow
overflow
overflow
overflow
overflow
overflow
overflow
overflow
overflow
overflow
overflow
overflow
overflow
overflow
overflow
overflow
overflow
overflow
overflow
overflow
overflow
overflow
overflow
overflow
overflow
overflow
overflow
overflow
overflow
overflow
overflow
overflow
overflow
overflow
overflow
overflow
overflow
overflow
overflow
overflow
overflow
overflow
overflow
overflow
overflow
overflow
overflow
overflow
overflow
overflow
overflow
overflow
overflow
overflow
overflow
overflow
overflow
overflow
overflow
18395748138427734375
18321620086669921875
18247790743505859375
18245578765869140625
18174258905250546875
18172055841064453125
18098829186416015625
18025897608064828125
18023712528076171875
17953259916962700225
17951083642037109375
17878747423509196875
17876580180908203125
17806702693150759815
17804544183734765625
17732798464949938125
17661341854839325041
17659200965908359375
17588040926460550875
17515044223329515625
17444465082162913725
17372064270486009375
17302061285573828715
17173290252685546875
17160819968956899501
17033100128173828125
16964463043212890625
16896102540283203125
16894054412841796875
16825977630615234375
16758175172607421875
16690645933393359375
16688622711181640625
16621373742626953125
16554395762508515625
16552389056396484375
16487687678843296125
16485689059013671875
16419257837916609375
16353094310036412075
16351112005470703125
16285223080056065625
16219599662607543405
16217633540119921875
16152282483484179375
16087194767402583867
16085244694894453125
16020427116272063625
15889648119404536575
15771389007568359375
15759936706184907705
15707836151123046875
15642642974853515625
15579608917236328125
15516828863525390625
15452428436279296875
15390160872802734375
15328144224544921875
15326286163330078125
15266377480410459375
15264526906494140625
15203016516589453125
15141753990774455625
15139918523583984375
15080738330248668189
15078910259311171875
15018147835747725375
15016327351962890625
14955817114337203125
14895550710557948025
14893745087865234375
14833728811363021875
14773954378226862735
14712637147596793125
14653350669016847529
14603137969970703125
14592533987208247875
14483928680419921875
14425563812255859375
14307804107666015625
14250148956298828125
14192726133837890625
14191005706787109375
14133821209716796875
14076867144990234375
14020142584050421875
14018443077392578125
13963646602082100175
13961953943806640625
13905692440507153125
13904006807373046875
13849657650228368745
13847978809571484375
13792176583849951875
13790504710986328125
13736599220430586143
13734934084595390625
13679587387247095125
13622812173700734375
13567917286126710675
13511605543711340625
13457158777668533445
13411045074462890625
13347304420299810723
13247966766357421875
13194582366943359375
13139820098876953125
13086871490478515625
13034136245361328125
12981613503750390625
12980039886474609375
12927735133154296875
12875641148617734375
12874080377197265625
12823757083544785875
12822202601455078125
12770533873935140625
12768985843505859375
12719073352250542725
12717531559810546875
12666284617821384375
12615244182028089315
12613714975648828125
12562886376043250625
12512262596868676341
12510745873806796875
12460332201544938375
12358615203981306225
12266635894775390625
12257728549254928215
12166500091552734375
12157665459056928801
12117473602294921875
12068644671630859375
12018555450439453125
11970125123291015625
11921889952423828125
11920444793701171875
11872409816162109375
11824568401791796875
11823135040283203125
11776919770602354375
11775492185009765625
11729463145748964147
11728041312797578125
11680781650026008625
11679365718193359375
11632302200040046875
11585428330433959575
11584023957228515625
11537344631060128125
11490853405287559905
11443162225908616875
11397050520346436967
11349748656717526125
11265277862548828125
11257097647274934075
11219882965087890625
11128292083740234375
11083449188232421875
11037448883056640625
10992972052001953125
10948674446103515625
10947347259521484375
10904555343150328125
10903233504638671875
10859297511849609375
10815538564838896875
10814227516845703125
10771955950177620135
10770650185222265625
10727248454105518125
10725948108544921875
10684021615890455889
10682726510240859375
10639679078969962875
10595520579545015625
10552824555876330525
10509026533997709375
10466679049297748235
10430812835693359375
10423238562291605625
10381236771344297229
10303974151611328125
10219860076904296875
10178677825927734375
10137661524169921875
10136432647705078125
10095586578369140625
10054905103564453125
10014387560036015625
10013173626708984375
9974033287201500125
9972824245576171875
9932637457505109375
9931433433837890625
9892612607305977675
9891413435408203125
9851554702749965625
9811856586021847245
9810667203282421875
9771133848033639375
9731759797564526043
9730580124071953125
9691369490090507625
9651146816936671875
9612256269763238175
9533788871642721945
9462833404541015625
9455962023710944623
9424701690673828125
9385585784912109375
9347765350341796875
9310097318115234375
9272581074107421875
9271457061767578125
9234096523681640625
9196886534726953125
9195771697998046875
9159826488246275625
9158716143896484375
9121809909953671875
9085052394464673375
9083951114150390625
9047346155586703125
9010888701448635225
9009796411177734375
8973490268602321875
8937330426334768815
8936247052719140625
8900237286817813125
8864372626936117641
8827582288558075875
8761882781982421875
8755520392324948725
8690357208251953125
8655338287353515625
8620460479736328125
8584682464599609375
8550089373779296875
8515635680302734375
8514603424072265625
8480292725830078125
8446120286994140625
8412085550430253125
8411065846435546875
8378187961249260105
8377172366283984375
8343415464304291875
8342404084423828125
8309794590137021247
8308787285742890625
8275305950309971125
8274302826591796875
8240960450757234375
8207752432348257075
8173687304220440625
8140750371676026405
8106963326226804375
8074295266601120067
8046627044677734375
8014202117919921875
7948780059814453125
7916749420166015625
7883892059326171875
7852122894287109375
7820481747216796875
7788968102250234375
7788023931884765625
7756641079892578125
7725384689170640625
7724448226318359375
7694254250126871525
7693321560873046875
7662320324361084375
7661391506103515625
7631444011350325635
7630518935886328125
7599770770692830625
7569146509216853589
7568228985389296875
7537731825625950375
7506447524284078125
7476199320926963025
7450580596923828125
7415169122388783735
7359981536865234375
7354637129552956929
7299900054931640625
7270484161376953125
7241186802978515625
7211133270263671875
7182075073974609375
7153133971454296875
7152266876220703125
7124309490858214375
7123445889697265625
7094741041075078125
7093881024169921875
7066151862361412625
7065295311005859375
7036824787678546875
7008468990015605175
7007619430916015625
6979381320024028125
6951256998260375745
6950414374337109375
6922406778636076875
6894512043172535943
6865897335545170125
6809849194030515675
6759166717529296875
6754258588364960445
6731929779052734375
6676975250244140625
6650069512939453125
6623272195791015625
6622469329833984375
6595783231201171875
6569204667662109375
6568408355712890625
6542733205890196875
6541940102783203125
6515578507109765625
6489323138903338125
6488536510107421875
6463173570106572081
6462390111133359375
6436349072463310875
6435568865126953125
6409635906144515625
6383807447381977725
6357312347727009375
6331694733525798315
6305415920398625625
6280007429578648941
6258487701416015625
6253943137374963375
6182384490966796875
6157471771240234375
6131916046142578125
6107206695556640625
6082596914501953125
6081859588623046875
6057351947021484375
6032943062138671875
6008632536021609375
6007904176025390625
5984419972320900075
5983694547345703125
5959582474503065625
5958860060302734375
5935567564383586605
5934848061244921875
5910932821649979375
5887113951613108347
5886400321969453125
5862680308820183625
5838348074443171875
5814821694054304575
5790688090162003125
5767353761857942905
5724430084228515625
5720273322985633167
5677700042724609375
5654821014404296875
5631351470947265625
5608659210205078125
5586058390869140625
5563548644464453125
5562874237060546875
5540457914208984375
5518131920836171875
5517463018798828125
5495895892947765375
5495229686337890625
5473085945972203125
5451031436678804025
5450370668490234375
5428407693352021875
5406533220869181135
5405877846706640625
5384094161161393125
5362398255800861289
5361748231631484375
5340142372090687875
5296549373134845525
5257129669189453125
5253312235394969235
5214214324951171875
5193202972412109375
5172276287841796875
5150809478759765625
5130053624267578125
5109381408181640625
5108762054443359375
5088792493470153125
5088175635498046875
5067672172196484375
5047251330258151875
5046639507861328125
5026912776749556063
5026303419770390625
5006049278582575125
5005442450654296875
4985272371445734375
4965183570185982675
4964581695955078125
4944576270454340625
4924651459408954245
4904212382532264375
4884450223005615843
4864177995736082625
4827976226806640625
4808521270751953125
4769268035888671875
4750049652099609375
4730908711279296875
4730335235595703125
4711273736572265625
4692289048330078125
4673380861350140625
4672814359130859375
4653984647935546875
4635230813502384375
4634668935791015625
4616552550076122915
4615992936523828125
4597392194616650625
4596834903662109375
4578866406810195381
4578311361531796875
4559862462415698375
4540937391233578125
4522639095375570225
4503868514570446875
4485719592556177815
4470348358154296875
4449101473433270241
4415988922119140625
4398194122314453125
4379940032958984375
4362290496826171875
4344712081787109375
4326679962158203125
4309245044384765625
4291880382872578125
4291360125732421875
4274585694514928625
4274067533818359375
4256844624645046875
4256328614501953125
4239691117416847575
4239177186603515625
4222094872607128125
4205081394009363105
4204571658549609375
4187628792014416875
4170754198956225447
4170248624602265625
4153444067181646125
4119538401327102075
4088878631591796875
4085909516418309405
4055500030517578125
4052555153018976267
4039157867431640625
4006185150146484375
3990041707763671875
3973963317474609375
3973481597900390625
3957469938720703125
3941522800597265625
3941045013427734375
3925639923534118125
3925164061669921875
3909821048582988049
3909347104265859375
3893593883342002875
3893121906064453125
3877434066680015625
3861809443477986525
3861341319076171875
3845781543686709375
3830284468429186635
3814387408636205625
3799016840115478989
3783249552239175375
3755092620849609375
3752365882424978025
3709430694580078125
3694483062744140625
3679149627685546875
3664324017333984375
3649558148701171875
3649115753173828125
3634851781050109375
3634411168212890625
3619765837283203125
3605179521612965625
3604742505615234375
3590651983392540045
3590216728407421875
3575749484701839375
3575316036181640625
3561340538630151963
3560908836746953125
3546559692989987625
3531840193181671875
3517608185292110175
3503008844665903125
3488893016432582745
3474412854097201875
3460412257114765743
3434658050537109375
3406620025634765625
3392892608642578125
3379220508056640625
3378810882568359375
3365195526123046875
3351635034521484375
3338129186678671875
3337724542236328125
3324274748525390625
3310879152501703125
3310477811279296875
3297537535768659225
3297137811802734375
3283851567583321875
3270618862007282415
3270222401094140625
3257044616011213125
3243919932521508681
3243526708023984375
3230456496696835875
3217048938978890625
3204085423254412725
3177929623880907315
3154277801513671875
3151987341236981541
3141567230224609375
3128528594970703125
3115921783447265625
3103365772705078125
3090485687255859375
3078032174560546875
3065628844908984375
3065257232666015625
3053275496082091875
3052905381298828125
3040603303317890625
3028350798154891125
3027983704716796875
3015782051862234375
3003629567149545075
3003265470392578125
2991163422867440625
2979110142111589605
2978749017573046875
2966745762272604375
2954790875645372547
2942527429519358625
2920627593994140625
2918506797441649575
2896785736083984375
2885112762451171875
2861560821533203125
2850029791259765625
2838545226767578125
2838201141357421875
2826764241943359375
2815373428998046875
2804028516810084375
2803688615478515625
2792729320416420035
2792390788761328125
2781138488101430625
2780801361474609375
2769931530045673749
2769595761914296875
2758435316769990375
2758100942197265625
2746986816919078125
2735917477449419025
2724562434740146875
2713583457225342135
2702321108742268125
2691431755533706689
2682209014892578125
2649593353271484375
2638916473388671875
2627964019775390625
2617374298095703125
2606827249072265625
2596322700750078125
2596007977294921875
2585547026630859375
2575128229723546875
2574816075439453125
2564751416708957175
2564440520291015625
2554106774787028125
2553797168701171875
2543814670450108545
2543506311962109375
2533256923564276875
2523048836405617863
2522742995129765625
2512577275208650125
2502149174761359375
2492066440308987675
2471723040796261245
2453327178955078125
2451545709850985643
2433300018310546875
2423494720458984375
2413728934326171875
2403711090087890625
2394025024658203125
2384377990484765625
2384088958740234375
2374481963232421875
2364913680358359375
2364627008056640625
2355383954120470875
2355098437001953125
2345608262559515625
2336156330005201725
2335873143638671875
2326460440008009375
2317085666086791915
2316804791445703125
2307468926212025625
2298170681057511981
2288632445181723375
2269949731343505225
2253055572509765625
2251419529454986815
2243976593017578125
2225658416748046875
2216689837646484375
2207489776611328125
2198594410400390625
2189734889220703125
2189469451904296875
2180911068630065625
2180646700927734375
2171859502369921875
2163107712967779375
2162845503369140625
2154391190035524027
2154130037044453125
2145449690821103625
2145189621708984375
2136545302048171875
2127935815793992575
2119104115909003125
2110564911175266105
2101805306799541875
2093335809859549647
2086162567138671875
2084647712458321125
2060794830322265625
2043972015380859375
2035735565185546875
2027532304833984375
2027286529541015625
2019117315673828125
2010981020712890625
2002877512007203125
2002634725341796875
1994806657440300025
1994564849115234375
1986527491501021875
1986286686767578125
1978522521461195535
1978282687081640625
1970310940549993125
1962371317204369449
1962133440656484375
1954226769606727875
1946116024814390625
1938273898018101525
1930229363387334375
1922451253952647635
1906757774328544389
1892566680908203125
1884940338134765625
1877117156982421875
1869553070068359375
1862019463623046875
1854516214821484375
1854291412353515625
1846819304736328125
1839377306945390625
1839154339599609375
1831965297649255125
1831743228779296875
1824361981990734375
1817010478892934675
1816790222830078125
1809469231117340625
1802177740289727045
1801959282235546875
1794698053720464375
1787466085266953763
1787249410543828125
1780047457363562625
1765516457711615175
1752376556396484375
1751104078464989745
1738071441650390625
1731067657470703125
1724092095947265625
1716936492919921875
1710017874755859375
1703127136060546875
1702920684814453125
1696058545166015625
1689224057398828125
1682417110086050625
1682213169287109375
1675637592249852021
1675434473256796875
1668683092860858375
1668480816884765625
1661757457148578125
1655061190061994225
1654860565318359375
1648192090151446875
1641550486469651415
1634737460844088125
1628150074335205281
1621392665245360875
1609325408935546875
1602840423583984375
1589756011962890625
1583349884033203125
1576778411865234375
1570424578857421875
1564096349443359375
1557793620450046875
1557604786376953125
1551328215978515625
1545076937834128125
1544889645263671875
1538850850025374305
1538664312174609375
1532464064872216875
1532278301220703125
1526288802270065127
1526103787177265625
1519954154138566125
1513645797077859375
1507546365125190075
1501289504856815625
1495239864185392605
1490116119384765625
1483033824477756747
1471996307373046875
1459980010986328125
1454096832275390625
1448237360595703125
1442226654052734375
1436415014794921875
1430626794290859375
1430453375244140625
1424861898171642875
1424689177939453125
1418948208215015625
1418776204833984375
1413230372472282525
1413059062201171875
1407364957535709375
1401693798003121035
1401523886183203125
1395876264004805625
1390251399652075149
1390082874867421875
1384481355727215375
1373179467109034025
1361969838806103135
1351833343505859375
1350851717672992089
1346385955810546875
1335395050048828125
1330013902587890625
1324654439158203125
1324493865966796875
1319156646240234375
1313840933532421875
1313681671142578125
1308546641178039375
1308388020556640625
1303115701421953125
1297864627780667625
1297707302021484375
1292478022226671875
1287269814492662175
1287113773025390625
1281927181228903125
1276761489476395545
1271462469545401875
1266338946705159663
1261083184079725125
1251697540283203125
1250788627474992675
1236476898193359375
1231494354248046875
1226383209228515625
1221441339111328125
1216519382900390625
1216371917724609375
1211470389404296875
1206588612427734375
1201726507204321875
1201580835205078125
1196883994464180015
1196738909469140625
1191916494900613125
1191772012060546875
1187113512876717321
1186969612248984375
1182186564329995875
1177280064393890625
1172536061764036725
1167669614888634375
1162964338810860915
1158137618032400625
1153470752371588581
1144886016845703125
1135540008544921875
1130964202880859375
1126270294189453125
1121731842041015625
1117211678173828125
1112709728892890625
1112574847412109375
1108091582841796875
1103626384167234375
1103492603759765625
1099179178589553075
1099045937267578125
1094617189194440625
1090206287335760805
1090074133698046875
1085681538670404375
1081306644173836227
1081175569341328125
1076818832232278625
1072349646326296875
1068028474418137575
1059309874626969105
1051425933837890625
1050662447078993847
1042842864990234375
1038640594482421875
1034455257568359375
1030161895751953125
1026010724853515625
1021876281636328125
1021752410888671875
1017758498694030625
1017635127099609375
1013534434439296875
1009450266051630375
1009327901572265625
1005260683954078125
1001209855716515025
1001088490130859375
997054474289146875
993036714037196535
992916339191015625
988915254090868125
984930291881790849
980842476506452875
972835599147216525
965595245361328125
961704254150390625
953853607177734375
950009930419921875
946181742255859375
946067047119140625
942254747314453125
938457809666015625
934676172270028125
934562871826171875
930796929587109375
927046162700476875
926933787158203125
923310510015224583
923198587304765625
919478438923330125
919366980732421875
915662272306359375
911972492483139675
908187478246715625
904527819075114045
900773702914089375
897143918511235563
894069671630859375
883197784423828125
879638824462890625
875988006591796875
872458099365234375
868942416357421875
865335992431640625
861849008876953125
858376076574515625
858272025146484375
854917138902985725
854813506763671875
851368924929009375
851265722900390625
847938223483369515
847835437320703125
844418974521425625
841016278801872621
840914331709921875
837525758402883375
834049724920453125
830688813436329225
823907680265420415
817775726318359375
817181903283661881
811100006103515625
807831573486328125
801237030029296875
798008341552734375
794792663494921875
794696319580078125
791493987744140625
788304560119453125
788209002685546875
785127984706823625
785032812333984375
781869420853171875
778718776668400575
778624381212890625
775486813336003125
772361888695597305
772268263815234375
769156308737341875
766056893685837327
762877481727241125
756649910447835075
751018524169921875
750473176484995605
741886138916015625
738896612548828125
735829925537109375
732864803466796875
729911629740234375
729823150634765625
726970356210021875
726882233642578125
723953167456640625
721035904322593125
720948501123046875
718130396678508009
718043345681484375
715149896940367875
715063207236328125
712181767349390625
709311938597997525
706368038636334375
703521637058422035
700601768933180625
697778603286516549
694882570819440375
686931610107421875
681324005126953125
678578521728515625
675844101611328125
675762176513671875
673039105224609375
670327006904296875
667625837335734375
667544908447265625
664854949705078125
662175830500340625
662095562255859375
659507507153731845
659427562360546875
656770313516664375
654123772401456483
654044480218828125
651408923202242625
648705341604796875
646091299339367175
643409787795778125
640817084650882545
635585924776181463
630855560302734375
628313446044921875
625705718994140625
623184356689453125
620673154541015625
618097137451171875
615606434912109375
613125768981796875
613051446533203125
610655099216418375
610581076259765625
608120660663578125
605670159630978225
605596740943359375
603156410372446875
600725913429909015
600653094078515625
598232684573488125
595822028422317921
595749803514609375
593349152454520875
588505485903871725
584125518798828125
583701359488329915
579357147216796875
577022552490234375
572312164306640625
570005958251953125
567709045353515625
567640228271484375
565352848388671875
563074685799609375
560805703362016875
560737723095703125
558545864083284007
558478157752265625
556227697620286125
556160272294921875
553919152382859375
551687063353998075
551620188439453125
549397363383815625
547183495489883805
544912486948029375
542716691445068427
540464221748453625
536441802978515625
529918670654296875
527783294677734375
525592803955078125
523474859619140625
521365449814453125
519264540150015625
519201595458984375
517109405326171875
515025645944709375
514963215087890625
512950283341791435
512888104058203125
510821354957405625
510759433740234375
508762934090021709
508701262392421875
506651384712855375
504548599025953125
502515455041730025
500429834952271875
498413288061797535
494344608159252249
490665435791015625
486660003662109375
484698944091796875
482745786865234375
480742218017578125
478805004931640625
476875598096953125
476817791748046875
474896392646484375
472982736071671875
472925401611328125
471076790824094175
471019687400390625
469121652511903125
467231266001040345
467174628727734375
465292088001601875
463417133217358383
463360958289140625
461493785242405125
457726489036344675
453989946268701045
450611114501953125
450283905890997363
448795318603515625
445131683349609375
443337967529296875
441497955322265625
439718882080078125
437946977844140625
437893890380859375
436182213726013125
436129340185546875
434371900473984375
432621542593555875
432569100673828125
430826007408890625
429089938164220725
429037924341796875
427309060409634375
425587163158798515
423820823181800625
422112982235053221
420361061359908375
417232513427734375
416929542491664225
412158966064453125
408794403076171875
407147113037109375
405506460966796875
405457305908203125
403823463134765625
402196204142578125
400575502401440625
400526945068359375
398961331488060005
398912969823046875
397305498300204375
397257337353515625
395704504292239107
395656537416328125
394062188109998625
392426688131296875
390845353921345575
389223204962878125
387654779603620305
386045872677466875
384490250790529527
378513336181640625
376988067626953125
375423431396484375
373910614013671875
372403892724609375
370903242964296875
370858282470703125
369363860947265625
367875461389078125
367830867919921875
366393059529851025
366348645755859375
364872396398146875
363402095778586935
363358044566015625
361893846223468125
360435548057945409
360391856447109375
358939610744092875
357449882108765625
356009491472712525
353103291542323035
350475311279296875
350220815692997949
347614288330078125
346213531494140625
344818419189453125
343387298583984375
342003574951171875
340625427212109375
340584136962890625
339211709033203125
337844811479765625
336483422017210125
336442633857421875
335086894651359375
333736618572171675
333696163376953125
332351491429715625
331012238012398845
330972113063671875
329638418030289375
328310097293930283
326947492168817625
324278533049072175
321865081787109375
320568084716796875
317951202392578125
316669976806640625
315355682373046875
314084915771484375
312819269888671875
311558724090009375
311520957275390625
310265643195703125
309015387566825625
308977929052734375
307770170005074861
307732862434921875
306492812974443375
306455660244140625
305220757435453125
303990830827713225
302729159415571875
301509273025038015
300257900971363125
299047972837078521
298023223876953125
294399261474609375
291996002197265625
290819366455078125
289647472119140625
288445330810546875
287283002958984375
286125358858171875
286090675048828125
284972379634328575
284937835587890625
283789641643003125
283755240966796875
282646074494456505
282611812440234375
281472991507141875
280338759600624207
280304777236640625
279175252800961125
278016574973484375
276896271145443075
274635893421806805
272393967761220627
270366668701171875
269277191162109375
267079010009765625
266002780517578125
264930887831640625
264898773193359375
263831329248046875
262768186706484375
262736334228515625
261709328235607875
261677604111328125
260623140284390625
259572925556133525
259541460404296875
258495604445334375
257453962898532435
257422754605078125
256385436245780625
255352297895279109
254292493909080375
252216636815945025
250339508056640625
250157725494998535
247295379638671875
246298870849609375
245276641845703125
244288267822265625
243303876580078125
243274383544921875
242294077880859375
241317722485546875
240345301440864375
240316167041015625
239376798892836003
239347781893828125
238383298980122625
238354402412109375
237393922449796875
236437312865999175
235456012878778125
234507212352807345
233533922977726875
232592867762172183
231627523606480125
228977203369140625
227108001708984375
226192840576171875
225254058837890625
224346368408203125
223442335634765625
222541945778578125
222514969482421875
221618316568359375
220725276833446875
220698520751953125
219835835717910615
219809187453515625
218923437838888125
218041257467152161
218014826739609375
217136307734080875
216235113868265625
215363766446455725
214469929265259375
213605694883627515
211861974925393821
210285186767578125
208568572998046875
207728118896484375
206891051513671875
206032379150390625
205202144970703125
204375256327265625
204350482177734375
203551699738806125
203527025419921875
202706886887859375
201890053210326075
201865580314453125
201052136790815625
200241971143303005
200217698026171875
199410894857829375
198607342807439307
198583267838203125
197783050818173625
196168495301290575
194567119829443305
193119049072265625
192340850830078125
190770721435546875
190001986083984375
189236348451171875
189213409423828125
188450949462890625
187691561933203125
186935234454005625
186912574365234375
186159385917421875
185409232540095375
185386757431640625
184639717460953125
183895687784666025
183873396146484375
183132454461271875
182394498496627935
181637495649343125
180905563815022809
180154740582817875
178813934326171875
176639556884765625
175927764892578125
175197601318359375
174491619873046875
173788483271484375
173067198486328125
172369801775390625
171675215314903125
171654405029296875
170983427780597145
170962701352734375
170273784985801875
170253144580078125
169587644696673903
169567087464140625
168883794904285125
168182866341984375
167505151680576675
166809944984090625
166137762687265845
164781536053084083
163555145263671875
162220001220703125
161566314697265625
160247406005859375
159601668310546875
158958532698984375
158939263916015625
158298797548828125
157660912023890625
157641800537109375
157025596941364725
157006562466796875
156373884170634375
155743755333680115
155724876242578125
155097362667200625
154472377739119461
154453652763046875
153831261747468375
152575496345448225
151329982089567015
150203704833984375
150094635296999121
148377227783203125
147779322509765625
147165985107421875
146572960693359375
145982325948046875
145964630126953125
145394071242004375
145376446728515625
144790633491328125
144207180864518625
144189700224609375
143608669136296875
143029979388073575
143012641447265625
142436353469878125
141862387719599505
141273607727266875
140704327411684407
140120353786636125
138976514163888075
137386322021484375
136264801025390625
135715704345703125
135168820322265625
135152435302734375
134607821044921875
134065401380859375
133525167467146875
133508981689453125
132970989941015625
132435166100068125
132419112451171875
131901501430746369
131885512472109375
131354062703332875
130808896043765625
130281784640448525
129741068320959375
129218259867873435
128681957559155625
128163416930176509
126171112060546875
125662689208984375
125141143798828125
124636871337890625
124134630908203125
123619427490234375
123121286982421875
122625153796359375
122610289306640625
122131019843283675
122116215251953125
121624132132715625
121134031926195645
121119348188671875
120631282074489375
120145182685981803
120130618815703125
119646536914697625
119149960702921875
118669830490904175
117701097180774345
116825103759765625
116740271897665983
115871429443359375
115404510498046875
114462432861328125
114001191650390625
113541809070703125
113528045654296875
113070569677734375
112614937159921875
112161140672403375
112147544619140625
111695631550453125
111245539524057225
111232054458984375
110783830476571875
110337412670799615
110324037687890625
109879472676763125
109436699097976761
108982497389605875
108092844349690725
107288360595703125
105983734130859375
105556658935546875
105118560791015625
104694971923828125
104273089962890625
103852908030003125
103840319091796875
103421881065234375
103005129188941875
102992643017578125
102590056668358287
102577620811640625
102164270991481125
102151886748046875
101740252478484375
101330276942571075
100909719805190625
100503091008346005
100085966990454375
99682657612359507
98133087158203125
97332000732421875
96939788818359375
96549157373046875
96148443603515625
95761000986328125
95375119619390625
95363558349609375
94979278529296875
94596547214334375
94585080322265625
94215358164818835
94203937480078125
93824330502380625
93446253200208069
93434925745546875
93058417600320375
92672191657828125
92298757048481025
91545297807268935
90797989253740209
90122222900390625
89759063720703125
89026336669921875
88667593505859375
88299591064453125
87943776416015625
87589395568828125
87578778076171875
87236442745202625
87225868037109375
86874380094796875
86524308518711175
86513820134765625
86165201481778125
85817987632844145
85807584868359375
85461812081926875
85117432631759703
84764164636360125
84072212271981675
83446502685546875
83385908498332845
82431793212890625
81758880615234375
81429422607421875
81101292193359375
81091461181640625
80764692626953125
80439240828515625
80115100480288125
80105389013671875
79792266297612001
79782593964609375
79461099660040875
79451467470703125
79131307483265625
78812437621999725
78485337626259375
78169070784269115
77844640992575625
77530955920724061
77209174535493375
75702667236328125
75397613525390625
75084686279296875
74782122802734375
74480778544921875
74180648592859375
74171656494140625
73872772189453125
73575092277815625
73566173583984375
73278611905970205
73269729151171875
72974479279629375
72680419155717387
72671608913203125
72378769244693625
72078371289421875
71787922148818575
71489976421753125
71201898294542505
70620658308464607
70095062255859375
69522857666015625
69242706298828125
68963683837890625
68677459716796875
68400714990234375
68125085442421875
68116827392578125
67842341806640625
67568962295953125
67296684403442025
67288526771484375
67017378930271875
66747323714434335
66739232675390625
66470298285943125
66202447602479769
66194422612734375
65927683606057875
65389498433763525
64855706609814435
64373016357421875
64113616943359375
63590240478515625
63333995361328125
63071136474609375
62816983154296875
62563853977734375
62311744818001875
62304191455078125
62053128639140625
61803077513365125
61795585810546875
61546572486984375
61298562594888675
61291132048828125
61044151487090625
60798166165542645
60545831883114375
60301854605007603
60051580194272625
59604644775390625
58879852294921875
58399200439453125
58163873291015625
57929494423828125
57689066162109375
57456600591796875
57225071771634375
57218135009765625
56994475926865715
56987567117578125
56757928328600625
56751048193359375
56529214898891301
56522362488046875
56294598301428375
56060955447328125
55835050560192225
55603314994696875
55379254229088615
54927178684361361
54073333740234375
53855438232421875
53415802001953125
53200556103515625
52986177566328125
52979754638671875
52766265849609375
52553637341296875
52547266845703125
52341865647121575
52335520822265625
52124628056878125
51914585111226705
51908292080859375
51699120889066875
51490792579706487
51484550921015625
51277087249156125
50858498781816075
50443327363189005
50067901611328125
50031545098999707
49459075927734375
49259774169921875
49055328369140625
48857653564453125
48660775316015625
48654876708984375
48458815576171875
48263544497109375
48069060288172875
48063233408203125
47869556378765625
47676659796024525
47670880482421875
47478784489959375
47287462573199835
47091202575755625
46901442470561469
46706784595545375
46325504721296025
45795440673828125
45421600341796875
45238568115234375
45050811767578125
44869273681640625
44688467126953125
44508389155715625
44502993896484375
44323663313671875
44145055366689375
44139704150390625
43967167143582123
43961837490703125
43784687567777625
43602965347921875
43427261546816175
43247022773653125
43072753289291145
42893985853051875
42721138976725503
42057037353515625
41713714599609375
41545623779296875
41378210302734375
41206475830078125
41040428994140625
40875051265453125
40870096435546875
40710339947761225
40705405083984375
40541377377571875
40378010642065215
40373116062890625
40210427358163125
40048394228660601
40043539605234375
39882178971565875
39716653567640625
39556610163634725
39233699060258115
38913423965888661
38623809814453125
38468170166015625
38154144287109375
38000397216796875
37847269690234375
37842681884765625
37690189892578125
37538312386640625
37387046890801125
37382514873046875
37231877183484375
37081846508019075
37077351486328125
36927943492190625
36779137556933205
36774679229296875
36626490892254375
36478899699325587
36327499129868625
36030948116563575
35762786865234375
35327911376953125
35185552978515625
35039520263671875
34898323974609375
34757696654296875
34613439697265625
34473960355078125
34335043062980625
34330881005859375
34196685556119429
34192540270546875
34054756997160375
34050628916015625
33913417492828125
33776758980857025
33636573268396875
33501030336115335
33361988996818125
33227552537453169
32711029052734375
32444000244140625
32313262939453125
32049481201171875
31920333662109375
31791706539796875
31787852783203125
31659759509765625
31532182404778125
31528360107421875
31405119388272945
31401312493359375
31274776834126875
31148751066736023
31144975248515625
31019472533440125
30890730552609375
30766252349493675
30515099269089645
30265996417913403
30040740966796875
29675445556640625
29555864501953125
29433197021484375
29314592138671875
29196465189609375
29192926025390625
29078814248400875
29075289345703125
28958126698265625
28841436172903725
28837940044921875
28721733827259375
28605995877614715
28602528289453125
28487270693975625
28372477543919901
28254721545453375
28024070757327225
27795302832777615
27477264404296875
27252960205078125
27143140869140625
27033764064453125
27030487060546875
26921564208984375
26813080276171875
26705033493429375
26701796337890625
26594197988203125
26487033220013625
26483822490234375
26377102494421875
26270812540666575
26161779208753125
26056356928089705
25948213664191875
25843651973574687
25736391511831125
25234222412109375
25132537841796875
25028228759765625
24927374267578125
24826926181640625
24723885498046875
24624257396484375
24525030759271875
24522057861328125
24426203968656735
24423243050390625
24324826426543125
24226806385239129
24223869637734375
24126256414897875
24026123763140625
23929307382939525
23829992140584375
23733966098180835
23540219436154869
23365020751953125
23174285888671875
23080902099609375
22892486572265625
22800238330078125
22708361814140625
22705609130859375
22614113935546875
22522987431984375
22432228134480675
22429508923828125
22339126310090625
22249107904811445
22246410891796875
22156766095314375
22067482534159923
22064807537578125
21975894535352625
21796499477921175
21618568869938145
21457672119140625
21196746826171875
21111331787109375
21023712158203125
20938994384765625
20854617992578125
20770581606000625
20768063818359375
20684376213046875
20601025837788375
20598528603515625
20515524162328125
20432854198296225
20430377349609375
20348050495696875
20266055388514215
20181943961038125
20100618201669201
20017193398090875
19626617431640625
19466400146484375
19387957763671875
19309831474609375
19229688720703125
19152200197265625
19075023923878125
19072711669921875
18995855705859375
18919309442866875
18917016064453125
18843071632963767
18840787496015625
18764866100476125
18686985149109375
18611683520064075
18534438331565625
18459751409696205
18309059561453787
18024444580078125
17951812744140625
17805267333984375
17733518701171875
17659918212890625
17588755283203125
17517879113765625
17515755615234375
17447288549040525
17445173607421875
17374876018959375
17304861703742235
17302764026953125
17233040296355625
17163597526568829
17161516973671875
17092362416385375
16952832927272025
16814442454396335
16689300537109375
16677181699666569
16486358642578125
16351776123046875
16285884521484375
16220258438671875
16218292236328125
16152938525390625
16087848165703125
16023020096057625
16021077802734375
15956518792921875
15892219932008175
15890293494140625
15826261496653125
15762487524399945
15697067525251875
15633814156853823
15568928198515125
15441834907098675
15140533447265625
15079522705078125
15016937255859375
14956424560546875
14896155708984375
14836129718571875
14834331298828125
14774554437890625
14715018455563125
14713234716796875
14655722381194041
14653945830234375
14594895855925875
14534321782640625
14475753848938725
14415674257884375
14357584429763715
14297995284350625
14240379658908501
14019012451171875
13904571533203125
13848541259765625
13792736767578125
13735491943359375
13680142998046875
13625017088484375
13623365478515625
13568468361328125
13513792459190625
13459336880688405
13457705354296875
13403475786054375
13349464742886867
13347846535078125
13294059657188625
13238884522546875
13185536721211575
13077899686752705
12971141321962887
12874603271484375
12822723388671875
12718048095703125
12666799072265625
12614227294921875
12563396630859375
12512770795546875
12462348963600375
12460838291015625
12410625727828125
12360615502673025
12359117162109375
12309314497396875
12259712518977735
12258226409765625
12208830297418125
12159633233108529
12109166376622875
12010316038854525
11920928955078125
11775970458984375
11679840087890625
11632774658203125
11585898884765625
11537813232421875
11491320118359375
11445014354326875
11443627001953125
11398895185373143
11397513423515625
11351585665720125
11350209638671875
11304472497609375
11258919660285675
11212191089465625
11167010112038445
11120662998939375
11075850845817723
10814666748046875
10771087646484375
10683160400390625
10640111220703125
10597235513265625
10595950927734375
10553253169921875
10510727468259375
10509453369140625
10468373129424315
10467104164453125
10424925611375625
10382917022245341
10381658416171875
10339824177813375
10296910184203125
10255417449831225
10171699756363215
10088665472637801
10013580322265625
9891815185546875
9851954833984375
9811065673828125
9771530712890625
9732155063203125
9730975341796875
9691763115234375
9652708899421875
9613812057634575
9612646681640625
9573911275753125
9535331959204905
9534176096484375
9495756897991875
9457492514639967
9418240515151125
9341356919109075
9265100944259205
9159088134765625
9084320068359375
9047713623046875
9010162353515625
8973854736328125
8937693425390625
8901677831143125
8900598779296875
8864732662734375
8829011073337875
8827940830078125
8792367498140625
8756937513555525
8720593069584375
8685452309363235
8649404554730625
8614550657858229
8578797170610375
8411407470703125
8342742919921875
8309124755859375
8275642060546875
8241295166015625
8208085798828125
8175010253090625
8174019287109375
8142067989552245
8141081016796875
8108275475514375
8075602128413043
8074623212578125
8042085471632625
8008707921046875
7976435794313175
7943330713528125
7911322032726945
7846739812051623
7724761962890625
7693634033203125
7630828857421875
7600079443359375
7569453938046875
7568536376953125
7538037978515625
7507662477328125
7477409378160225
7476502974609375
7446375436696875
7416369301603815
7415470297265625
7385588698438125
7355827511386641
7354935845859375
7325298178450875
7265499825973725
7206189623312715
7152557373046875
7065582275390625
7037110595703125
7007904052734375
6979664794921875
6951539330859375
6922687939453125
6894792071015625
6867008612596125
6866176201171875
6838508054109375
6810951399432075
6810125783203125
6782683498565625
6755351796171405
6727314653679375
6700206067223067
6672397799363625
6542205810546875
6488800048828125
6462652587890625
6409896240234375
6384066732421875
6358341307959375
6357570556640625
6331951901953125
6306436480955625
6305672021484375
6281023877654589
6280262498671875
6254955366825375
6228995049703125
6203894506688025
6178146110521875
6153250469898735
6103019853817929
6008148193359375
5935089111328125
5911172900390625
5886639404296875
5862918427734375
5839293037921875
5838585205078125
5815762849680175
5815057869140625
5791625339653125
5768287234580745
5767588008984375
5744346765451875
5721199175522943
5720505657890625
5697454138795125
5650944309090675
5604814151465445
5559060566555523
5495452880859375
5450592041015625
5428628173828125
5406752812890625
5406097412109375
5384312841796875
5362616055234375
5341006698685875
5340359267578125
5318839597640625
5297406644002725
5296764498046875
5275420498884375
5254162508133315
5232355841750625
5211271385617941
5189642732838375
5147278302366225
5046844482421875
5026507568359375
5005645751953125
4985474853515625
4965385236328125
4944777099609375
4924851479296875
4905006151854375
4904411572265625
4885240793731347
4884648610078125
4864965285308625
4844773927546875
4825251282979575
4805224752628125
4785861476587905
4765998428116875
4746793219636167
4673004150390625
4634857177734375
4616180419921875
4578497314453125
4560047666015625
4541672362828125
4541121826171875
4522822787109375
4504597486396875
4486445626896135
4485901784765625
4467825262018125
4449821580962289
4449282178359375
4431353219062875
4412961507515625
4395178907070525
4359299895584235
4323713773987629
4291534423828125
4239349365234375
4222266357421875
4204742431640625
4187798876953125
4170923598515625
4154116321200125
4153612763671875
4136875242609375
4120205167557675
4119705720703125
4103104832465625
4086570839659245
4086075469921875
4069610099139375
4053211077702843
4036388792207625
4003438679618175
3925323486328125
3893280029296875
3877591552734375
3861966294921875
3845937744140625
3830440039453125
3815004784775625
3814542333984375
3799171141171875
3783861888573375
3783403212890625
3768157499203125
3752973220095225
3737397029821875
3722336704012815
3706887666313125
3691950281939241
3604888916015625
3590362548828125
3561053466796875
3546703740234375
3531983642578125
3517751056640625
3503575822753125
3503151123046875
3489457709808105
3489034721484375
3474975203791875
3460972340748447
3460552805390625
3446608059271125
3432303394734375
3418472483277075
3390566585454405
3362888490879267
3337860107421875
3297271728515625
3270355224609375
3257176904296875
3244051687734375
3243658447265625
3230587705078125
3217569633140625
3204604019211525
3204215560546875
3191303758584375
3178443986401635
3178058698828125
3165252299330625
3152497504879989
3139413505050375
3113785639703025
3088366981419735
3028106689453125
3015904541015625
3003387451171875
2991284912109375
2979231141796875
2967225943714375
2966866259765625
2954910887578125
2943003691112625
2942646943359375
2930789166046875
2918979171185175
2906864356528125
2895150769787745
2883134851576875
2871516885952743
2859599056870125
2803802490234375
2780914306640625
2769708251953125
2758547353515625
2747098388671875
2736028599609375
2725003417696875
2724673095703125
2713693672265625
2702758491838125
2691867376137681
2691541070859375
2680695157210875
2669569307015625
2658811931437725
2647776904509375
2637107344242315
2615579937350541
2574920654296875
2564544677734375
2543609619140625
2533359814453125
2522845458984375
2512679326171875
2502554159109375
2492469792720075
2492167658203125
2482125145565625
2472123100534605
2471823432421875
2461862899479375
2451942503795547
2451645281953125
2441766059483625
2421833275324575
2402063207770905
2384185791015625
2355194091796875
2335968017578125
2326554931640625
2317179776953125
2307562646484375
2298264023671875
2289002870865375
2288725400390625
2279502684703125
2270317133144025
2270041927734375
2260894499521875
2251783932057135
2242438217893125
2233402022407689
2224132599787875
2162933349609375
2154217529296875
2136632080078125
2128022244140625
2119447102653125
2119190185546875
2110650633984375
2102145493651875
2101890673828125
2093674625884863
2093420832890625
2084985122275125
2076331683234375
2067964835562675
2059382036840625
2051083489966245
2034339951272643
2002716064453125
1978363037109375
1970390966796875
1962213134765625
1954306142578125
1946431012640625
1946195068359375
1938352623046875
1930541779884375
1922762411526915
1922529336328125
1914782255150625
1907066391840981
1906835219296875
1899151379598375
1883648103030225
1868271383821815
1853020188851841
1831817626953125
1816864013671875
1809542724609375
1802032470703125
1794770947265625
1787538685078125
1780335566228625
1780119755859375
1772946532546875
1765802214667575
1765588166015625
1758473499628125
1751387502711105
1744118613916875
1737090461872647
1729880910946125
1715759434122075
1682281494140625
1668548583984375
1661824951171875
1655128412109375
1648259033203125
1641617159765625
1635002050618125
1634803857421875
1628413597910449
1628216203359375
1621655095102875
1614924642515625
1608417094326525
1601741584209375
1595287158862635
1588666142705625
1582264406545389
1544952392578125
1538726806640625
1526165771484375
1520015888671875
1513890787609375
1513707275390625
1507607595703125
1501532495465625
1495481875632045
1495300594921875
1489275087339375
1483273860320763
1483094059453125
1477117739687625
1470987169171875
1465059635690175
1453099965194745
1441237924662543
1430511474609375
1413116455078125
1407422119140625
1401580810546875
1395932958984375
1390307866171875
1384537587890625
1378958414203125
1373401722519225
1373235240234375
1367701610821875
1362190279886415
1362025156640625
1356536699713125
1351070359234281
1345462930735875
1334479559872725
1308441162109375
1297760009765625
1292530517578125
1281979248046875
1276813346484375
1271668261591875
1271514111328125
1266390380390625
1261287296191125
1261134404296875
1256052499734375
1250991073365075
1245799009940625
1240778901337605
1235629222104375
1230650093979747
1201629638671875
1187017822265625
1182234580078125
1177327880859375
1172583685546875
1167858607584375
1167717041015625
1163152569936035
1163011573828125
1158325067930625
1153657446916149
1153517601796875
1148869353090375
1144101131578125
1139490827759025
1130188861818135
1120962830293089
1099090576171875
1090118408203125
1085725634765625
1081350562578125
1081219482421875
1076862568359375
1072523211046875
1068201339737175
1068071853515625
1063767919528125
1059481328800545
1059352899609375
1055084099776875
1050832501626663
1046471168350125
1037928546567675
1029455660473245
1009368896484375
1005301513671875
1001129150390625
997094970703125
993077047265625
988955419921875
984970295859375
981001230370875
980882314453125
976929722015625
972993057061725
968954785509375
965050256595915
961044950525625
957172295317581
953199685623375
934600830078125
926971435546875
923236083984375
915699462890625
912009533203125
908334472565625
908224365234375
904564557421875
900919497279375
897289125379227
897180356953125
893565052403625
889856435671875
886270643812575
882592301503125
879035781414105
871859979116847
858306884765625
847869873046875
844453271484375
840948486328125
837559775390625
834184719703125
830823264240025
830722552734375
827375048521875
824041033511535
823941144140625
820620966493125
817314167931849
817215093984375
813922019827875
807277758441525
800687735923635
785064697265625
778656005859375
775518310546875
772393258984375
769187548828125
766088007890625
763000956955125
762908466796875
759834228234375
756772377714675
756680642578125
753631499840625
750594644019045
747479405964375
744467340802563
741377533262625
720977783203125
718072509765625
712210693359375
709340748046875
706396728515625
703550211328125
700715164550625
700630224609375
697891541961621
697806944296875
694995040758375
692110561078125
689321611854225
686460678946875
683694496655415
678113317090881
667572021484375
659454345703125
654071044921875
651435380859375
648810337546875
648731689453125
646117541015625
643513926628125
640920803842305
640843112109375
638260751716875
635688797280327
635611739765625
633050459866125
627882701010075
622757127940605
617673396283947
605621337890625
603180908203125
600677490234375
598256982421875
595846228359375
593445188742875
593373251953125
590982177515625
588600738222525
588529388671875
586157833209375
583795834237035
581372871305625
579030153957549
576626970315375
571919811374025
560760498046875
556182861328125
553941650390625
551709470703125
549419677734375
547205719921875
545000683539375
544934619140625
542738734453125
540551698367625
538308214171875
536139031442175
533913861403125
531762386287545
529555380901875
527421468848463
514984130859375
512908935546875
508721923828125
506671962890625
504569091796875
502535865234375
500510831821875
498493958544015
498433531640625
496425029113125
494424620106921
494364686484375
492372579895875
490329056390625
488353211896725
484366655064915
480412641554181
476837158203125
471038818359375
467193603515625
465310986328125
463435955390625
461512529296875
459652804734375
457800574173075
457745080078125
455900536940625
454063426628805
454008385546875
452178899904375
450356786411427
448487643578625
444826519957575
432586669921875
430843505859375
427326416015625
425604448828125
423889420530625
423838037109375
422130126796875
420429098730375
420378134765625
418684166578125
416997024455025
415266336646875
413592967112535
411876407368125
410216697993249
400543212890625
395672607421875
394078193359375
392442626953125
390861228515625
389286202528125
389239013671875
387670524609375
386108355976875
384552482305383
384505867265625
382956451030125
381367043859375
379830275919675
376729620606045
373654276764363
366363525390625
363372802734375
361908544921875
360406494140625
358954189453125
357507737015625
356067113245725
356023951171875
354589306509375
353160442933515
353117633203125
351694699925625
350277500542221
348823722783375
345976182189225
343151886824415
336456298828125
333709716796875
332364990234375
331025682421875
329651806640625
328323431953125
327000410123625
326960771484375
325643240671875
324331019020575
322984928503125
321683418865305
320348316841875
319057431772527
317733228541125
308990478515625
307745361328125
305233154296875
304003177734375
302778157521875
302741455078125
301521519140625
300306499093125
299096375126409
299060118984375
297855017467875
296618811890625
295423547937525
294197433834375
293011927138035
290619993038949
286102294921875
282623291015625
281484423828125
280316162109375
279186591796875
278061573234375
276907517578125
275791682840625
274680344503845
274647048046875
273540322164375
272438055977283
272405031328125
271307339942625
269092586147175
266895911974545
261688232421875
259552001953125
258506103515625
256395849609375
255362669296875
254333652318375
254302822265625
253278076078125
252257459238225
252226880859375
251210499946875
250198214673015
249159801988125
248155780267521
247125844420875
240325927734375
237403564453125
236446916015625
235465576171875
234516737109375
233571721516875
233543408203125
232630513987207
232602314765625
231665013586125
230703520359375
229773870618075
228820226315625
227898165551805
226037772363627
219818115234375
218023681640625
217145126953125
216270112515625
216243896484375
215372513671875
214504642209375
213640267947435
213614370703125
212753583905625
211896265760109
211870579921875
211016819955375
209294233670025
207585709313535
205891132094649
201873779296875
201060302734375
200225830078125
199418994140625
198615409453125
197791083984375
196994059171875
196200246074175
196176462890625
195385944403125
194598611412345
193790957101875
193010051319183
192208990105125
190639937124675
186920166015625
185394287109375
184647216796875
183139892578125
182401906640625
181666894513125
181644873046875
180912911484375
180183899455875
179436071390625
178713010480725
177971287134375
177254128762515
176518460300625
175807156282821
171661376953125
169573974609375
168890654296875
168189697265625
167511955078125
166836943940625
166164652848005
166144510546875
165475009704375
164808206702307
164788228828125
164124193298625
163443018796875
162784403965575
161455551688305
160137547184727
157012939453125
155731201171875
155103662109375
154478651796875
153837509765625
153217601578125
152600191391025
152581693359375
151966845646875
151354475542935
151336128515625
150726299968125
150118928803809
149495881192875
148275506652525
144195556640625
143614501953125
142442138671875
141868149609375
141279345703125
140710042265625
140143032910125
140126044921875
139561388859375
138999008151675
138422112215625
137864322370845
137292135789375
136738899331083
133514404296875
131890869140625
130814208984375
130287076171875
129762067509375
129746337890625
129223508203125
128702785325625
128184160768461
128168622421875
127652150343375
127122347953125
126610091973225
125576540202015
124551425588121
121124267578125
120636181640625
120135498046875
119651396484375
119169245671875
118689037748575
118674650390625
118196435503125
117720147644505
117705877734375
117231566641875
116759166847407
116274574261125
115325394063075
114383962274805
112152099609375
111236572265625
110788330078125
110341894140625
109883935546875
109441143984375
109000136707875
108986923828125
108547746890625
108110339673525
107661642834375
107227806288435
106782772280625
106352477257509
105911076180375
102996826171875
102581787109375
101744384765625
101334392578125
100913818359375
100507173046875
100102166364375
99698791708803
99686706328125
99285005822625
98872937296875
98474515979175
98065811278125
97670642379345
96873331012983
95367431640625
94207763671875
93438720703125
93062197265625
92687191078125
92302505859375
91930560946875
91560114834615
91549016015625
91180107388125
90812685325761
90801677109375
90435779980875
89697528715725
88965303991515
86517333984375
86168701171875
85465283203125
85120889765625
84777884106125
84767607421875
84426025359375
84085819746075
84075626953125
83736833315625
83399404891005
83053267329375
82718593422507
82375281473625
80108642578125
79134521484375
78815638671875
78488525390625
78172245703125
77857240505625
77847802734375
77534104921875
77221671195375
76901173453125
76591290206025
76273408771875
75966055183935
75345924121209
73272705078125
72674560546875
72381708984375
72081298828125
71790837890625
71501547403125
71213422649145
71204790234375
70917861301875
70632088586703
70623526640625
70338939985125
69764744556675
69195236437845
68630377364883
67291259765625
66741943359375
66472998046875
66205136484375
65930361328125
65664686390625
65400082024725
65392154296875
65128648134375
64866203804115
64596985700625
64336683773061
64069663368375
63546645708225
61798095703125
61549072265625
61046630859375
60800635546875
60555631504375
60548291015625
60304303828125
60061299818625
59812023796875
59571003493575
59323762378125
59084709587505
58839486766875
58602385427607
57220458984375
56524658203125
56296884765625
56063232421875
55837318359375
55612314646875
55381503515625
55158336568125
54936068900769
54929409609375
54708064432875
54481006265625
54261467988525
53818517229435
53379182394909
52337646484375
51910400390625
51701220703125
51279169921875
51072533859375
50866730463675
50860564453125
50655615215625
50451491847645
50445376171875
50242099989375
50039642934603
49831960397625
49425168884175
48065185546875
47480712890625
47289383203125
47093115234375
46903347421875
46714344303375
46708681640625
46520462953125
46333002717225
46140704071875
45954774123615
45764045263125
45579633110361
43963623046875
43604736328125
43429025390625
43254022503125
43248779296875
43074502734375
42900928441875
42728053589487
42722874140625
42550716781125
42374115984375
42203363991075
41858846734005
41517141862707
40374755859375
40212060546875
40045166015625
39883798828125
39723081890625
39558216796875
39398811834375
39240049214835
39235292578125
39077188880625
38919722282469
38758191420375
38441798021025
38127987424935
37384033203125
37078857421875
36929443359375
36627978515625
36480381328125
36333378902625
36328974609375
36182582296875
36036779891175
35887214278125
35742602096145
35594257426875
35450825752503
35303692060125
34332275390625
33914794921875
33778130859375
33637939453125
33502391015625
33367388788125
33232930569601
33228902109375
33095001940875
32957645765625
32824838659725
32688603759375
32556880793115
32291110337661
31402587890625
31146240234375
31020732421875
30895730359375
30767501953125
30643520315625
30520038278205
30516338671875
30393369129375
30270895108587
30267225703125
30145259993625
29899176238575
29655101330505
28839111328125
28722900390625
28488427734375
28373629921875
28255869140625
28142008453125
28028606582025
28025208984375
27912277771875
27799801630335
27684422443125
27572864474169
27458427157875
26702880859375
26378173828125
26162841796875
26057415234375
25952413501875
25949267578125
25844701640625
25740557065125
25633724484375
25530430068675
25424469590625
25322018394645
25115308040403
24224853515625
24127236328125
24027099609375
23930279296875
23833849134375
23737807549715
23734930078125
23639287100625
23544029528901
23541175546875
23446313328375
23254914852225
23065078812615
22876792454961
22430419921875
22247314453125
22157666015625
22068378828125
21976787109375
21888228796875
21800027341575
21797384765625
21709549378125
21622067934705
21532328566875
21445561257687
21356554456125
21182215236075
20599365234375
20516357421875
20348876953125
20266878515625
20182763671875
20101434609375
20020433272875
19937341265625
19857001164525
19774587459375
19694903195835
19613162255625
19534128475869
19073486328125
18841552734375
18687744140625
18612439453125
18537438215625
18460501171875
18386112189375
18312022966923
18309803203125
18236021477625
18160335421875
18087155996175
17939505743145
17793060798303
17303466796875
17233740234375
17093056640625
17024177953125
16955576821225
16953521484375
16885205071875
16817163949215
16815125390625
16747366663125
16679880978201
16610653465875
16475056294725
16021728515625
15826904296875
15763127734375
15697705078125
15634449140625
15571448101125
15569560546875
15506820984375
15444334239075
15380234690625
15318258041205
15254681754375
15193211036787
14654541015625
14534912109375
14476341796875
14416259765625
14358167578125
14300309480625
14242684529829
14240958046875
14183572260375
14124705328125
14067787997025
13952948911335
13839047287569
13458251953125
13348388671875
13294599609375
13241027296875
13186072265625
13132937278125
13080016404945
13078430859375
13025729626875
12973240760823
12919397140125
12813932673675
12709329141645
12359619140625
12309814453125
12209326171875
12160127109375
12111126300875
12109658203125
12060860765625
12012259963725
11962404759375
11914200698715
11864752475625
11816941917501
11767897353375
11444091796875
11304931640625
11259376953125
11212646484375
11167463671875
11122462929375
11076300703125
11031667313625
10985881921875
10941612886575
10896201253125
10852293597705
10763703445887
10467529296875
10382080078125
10340244140625
10255833984375
10214506771875
10173346092735
10172112890625
10131123043125
10090298369529
10089075234375
10048419997875
9966392079525
9885033776835
9613037109375
9496142578125
9457876640625
9418623046875
9380669484375
9342868860675
9341736328125
9304092590625
9266600543445
9228140814375
9190954824723
9152809052625
8792724609375
8720947265625
8685805078125
8650804500625
8649755859375
8614900546875
8580185688375
8544574828125
8510143356225
8474823196875
8440672798215
8371769346801
8074951171875
8042412109375
8009033203125
7976759765625
7944616378125
7911643359375
7879762366875
7848009842967
7847058515625
7815437776125
7751638284075
7688359604205
7625597484987
7476806640625
7415771484375
7385888671875
7325595703125
7296076265625
7266675780525
7265794921875
7236516459375
7207355978235
7177442855625
7148520419229
7118851485375
7060738412025
6866455078125
6782958984375
6755626171875
6727587890625
6700478203125
6673477757625
6645780421875
6619000388175
6591529153125
6564967731945
6537720751875
6511376158623
6280517578125
6229248046875
6204146484375
6179146071875
6153500390625
6128704063125
6104007655641
6103267734375
6078673825875
6053445140625
6029051998725
5979835247715
5931020266101
5767822265625
5744580078125
5697685546875
5674725984375
5651173828125
5628401690625
5605721316405
5605041796875
5582455554375
5559960326067
5536884488625
5491685431575
5340576171875
5275634765625
5232568359375
5211483046875
5190482700375
5189853515625
5168940328125
5148111413025
5126744896875
5106086013735
5084893918125
5064403678929
4844970703125
4825447265625
4805419921875
4786055859375
4766769826875
4747561509943
4746986015625
4727857420125
4708235109375
4689262665675
4650982970445
4613015762523
4486083984375
4449462890625
4431533203125
4413675765625
4395357421875
4377645759375
4360005468315
4359476953125
4341909875625
4324413586941
4306465713375
4271310891225
4236443047215
4119873046875
4103271484375
4069775390625
4053375703125
4036552734375
4020286921875
4004086654575
3987468253125
3971400232905
3954917491875
3938980639167
3922632451125
3814697265625
3768310546875
3737548828125
3722487890625
3707487643125
3692100234375
3677222437875
3661960640625
3647204295525
3632067084375
3617431199235
3587901148629
3460693359375
3446748046875
3418611328125
3404835590625
3391115364245
3390704296875
3377041014375
3363432789843
3363025078125
3349473332625
3322130693175
3295011258945
3204345703125
3165380859375
3152625546875
3139541015625
3126889828125
3114289620225
3113912109375
3101364196875
3088866847815
3076046938125
3063651608241
3050936350875
2930908203125
2906982421875
2895268359375
2883251953125
2871633515625
2860061896125
2848191609375
2836714452075
2824941065625
2813557599405
2790589782267
2691650390625
2669677734375
2658919921875
2648205459375
2637214453125
2626587455625
2616003280989
2615686171875
2605145925375
2583879428025
2562786534735
2541865828329
2471923828125
2461962890625
2441865234375
2432025421875
2422225260175
2421931640625
2412172153125
2402451992745
2392480951875
2382840139743
2372950495125
2353579470675
2288818359375
2260986328125
2251875390625
2242529296875
2233492734375
2224492585875
2215260140625
2206333462725
2197176384375
2188322577315
2179240250625
2170458719541
2093505859375
2076416015625
2068048828125
2051166796875
2042901354375
2034669218547
2034422578125
2026224608625
2017815046875
2009683999575
1993278415905
1977006755367
1922607421875
1899228515625
1891575328125
1883724609375
1876133896875
1868573772135
1868347265625
1860818518125
1853320108689
1845628162875
1830561810525
1758544921875
1744189453125
1737161015625
1730160900125
1729951171875
1722980109375
1716037137675
1708914965625
1702028671245
1694964639375
1688134559643
1614990234375
1608482421875
1601806640625
1595351953125
1588923275625
1582328671875
1575952473375
1569411703125
1563087555225
1550327656815
1537671920841
1495361328125
1483154296875
1477177734375
1465119140625
1459215253125
1453335156105
1453158984375
1447303291875
1441471195647
1435488571125
1423770297075
1412147682405
1373291015625
1356591796875
1351125234375
1345517578125
1340095640625
1334695551525
1329156084375
1323800077635
1318305830625
1312993546389
1307544150375
1256103515625
1245849609375
1240829296875
1235829214375
1230700078125
1225740812625
1220653546875
1215734765175
1210689028125
1205810399745
1195967049543
1153564453125
1148916015625
1139537109375
1134945196875
1130234765625
1125680338125
1121144263281
1121008359375
1116491110875
1107376897725
1098337086315
1068115234375
1055126953125
1046513671875
1042296609375
1038096540075
1037970703125
1033788065625
1029622282605
1025348979375
1021217202747
1016978783625
968994140625
965089453125
961083984375
957211171875
953353965375
949397203125
945571484025
941647021875
937852533135
930196594089
897216796875
889892578125
886306640625
882735153125
879071484375
875529151875
872001093663
871895390625
868381975125
861293142675
854262178245
847288609443
823974609375
820654296875
813955078125
810675140625
807310546875
804057384375
800817330915
797493650625
794280046581
790983498375
784526490225
762939453125
753662109375
747509765625
744497578125
741497528625
738420046875
735444487575
732392128125
729440859105
726413416875
723486239847
692138671875
689349609375
683722265625
680967118125
678223072849
678140859375
675408202875
672605015625
669894666525
664426138635
659002251789
640869140625
633076171875
630525109375
627908203125
625377965625
622857924045
622782421875
620272839375
617773369563
615209387625
610187270175
586181640625
581396484375
579053671875
576650390625
574326703125
572012379225
569638321875
567342890415
564988213125
562711519881
538330078125
533935546875
531783984375
529641091875
527442890625
525317491125
523137234375
521029185075
516775885605
512557306947
494384765625
492392578125
488373046875
486405084375
484445052035
484386328125
482434430625
480490398549
478496190375
474590099025
470715894135
457763671875
452197265625
450375078125
448505859375
446698546875
444898517175
443052028125
441266692545
439435276875
437664515463
435848050125
418701171875
415283203125
413609765625
410233359375
408580270875
406884515625
405244921725
403563009375
401936799915
398655683181
384521484375
379845703125
378315065625
376744921875
375226779375
373714754427
373669453125
372163703625
369125632575
366112362105
351708984375
348837890625
347432203125
346032180025
345990234375
344596021875
343207427535
341782993125
340405734249
338992927875
322998046875
321696484375
320361328125
319070390625
317784655125
316465734375
315190494675
313882340625
312617511045
310065531363
299072265625
296630859375
295435546875
293023828125
291843050625
290667031221
290631796875
289460658375
287097714225
284754059415
282429536481
274658203125
271318359375
270225046875
269103515625
268019128125
266939110305
265831216875
264760015527
263661166125
261508830075
251220703125
249169921875
248165859375
247165842875
246140015625
245148162525
244130709375
243146953035
242137805625
241162079949
230712890625
229783203125
227907421875
226989039375
226046953125
225136067625
224201671875
223298222175
221475379545
219667417263
213623046875
211025390625
209302734375
208459321875
207619308015
207594140625
206757613125
205924456521
205069795875
203395756725
193798828125
193017890625
192216796875
191442234375
190670793075
189879440625
189114296805
188329404375
187570506627
179443359375
177978515625
177261328125
176547030625
175814296875
175105830375
174379078125
173676395025
172258628535
170852435649
164794921875
164130859375
162791015625
162135028125
161462109375
160811476875
160163466183
159498730125
158196699675
156905298045
152587890625
150732421875
149501953125
148899515625
148299505725
147684009375
147088897515
146478425625
145888171821
145282683375
138427734375
137869921875
136744453125
136193423625
135628171875
135081640575
134521003125
133978933305
132885227727
128173828125
126615234375
126105021875
125581640625
125075593125
124571584809
124556484375
124054567875
123041877525
122037454035
117236328125
116279296875
115810734375
115330078125
114865340625
114402475845
113927664375
113468578083
112997642625
107666015625
106787109375
106356796875
105928218375
105488578125
105063498225
104627446875
104205837015
103355177121
98876953125
98478515625
97674609375
97281016875
96889010407
96877265625
96486886125
95699238075
94918019805
94143178827
91552734375
90439453125
90075015625
89701171875
89339709375
88979703435
88610405625
88253338509
87887055375
87169610025
83740234375
83056640625
82721953125
82046671875
81716054175
81376903125
81048984345
80712601875
80387359983
76904296875
75969140625
75663013125
75348984375
75045355875
74733890625
74432740725
73825126515
73222472421
70341796875
69767578125
69486440625
69206436005
69198046875
68919204375
68641485507
68356598625
67798585575
64599609375
64339296875
64072265625
63814078125
63556931025
63293146875
63038098935
62776468125
62523502209
59814453125
59326171875
59087109375
58604765625
58368610125
58126359375
57892131675
57419542845
56950811883
54931640625
54263671875
54045009375
53820703125
53603825625
53387822061
53166243375
52732233225
52301766015
50244140625
49833984375
49633171875
49433168575
49228003125
49029632505
48826141875
48629390607
48427561125
46142578125
45956640625
45581484375
45397807875
45209390625
45027213525
44840334375
44659644435
44295075909
42724609375
42205078125
41860546875
41691864375
41523861603
41518828125
41351522625
41013959175
40679151345
38759765625
38603578125
38443359375
38288446875
38134158615
37975888125
37822859361
37665880875
35888671875
35595703125
35452265625
35309406125
35162859375
35021166075
34875815625
34735279005
34451725707
32958984375
32826171875
32558203125
32427005625
32292421875
32162295375
31899746025
31639339935
31381059609
30517578125
30146484375
29900390625
29779903125
29659901145
29536801875
29417779503
29295685125
29056536675
27685546875
27573984375
27348890625
27238684725
27125634375
27016328115
26904200625
26795786661
25634765625
25323046875
25221004375
25116328125
25015118625
24911296875
24810913575
24608375505
24407490807
23447265625
23255859375
23162146875
23066015625
22973068125
22880495169
22785532875
22599528525
21533203125
21357421875
21271359375
21185643675
21097715625
21012699645
20925489375
20841167403
19775390625
19695703125
19534921875
19456203375
19375453125
19297377225
19139847615
18983603961
18310546875
18087890625
18015003125
17940234375
17867941875
17795940687
17722081125
17577411075
17433922005
16748046875
16611328125
16544390625
16409334375
16343210835
16275380625
16209796869
16142520375
15380859375
15193828125
15132602625
15069796875
15009071175
14946778125
14886548145
14765025303
14068359375
13953515625
13897288125
13841287201
13839609375
13783840875
13671319725
13559717115
12919921875
12867859375
12814453125
12762815625
12711386205
12658629375
12607619787
12555293625
11962890625
11865234375
11817421875
11720953125
11673722025
11625271875
11578426335
11483908569
10986328125
10852734375
10809001875
10764140625
10720765125
10633248675
10546446645
10460353203
10048828125
9966796875
9926634375
9886633715
9845600625
9805926501
9765228375
9685512225
9228515625
9191328125
9116296875
9079561575
9041878125
9005442705
8968066875
8931928887
8544921875
8441015625
8372109375
8338372875
8303765625
8270304525
8202791835
8135830269
7751953125
7720715625
7688671875
7657689375
7626831723
7595177625
7533176175
7177734375
7119140625
7090453125
7061881225
7032571875
7004233215
6975163125
6947055801
6591796875
6565234375
6511640625
6485401125
6458484375
6432459075
6379949205
6327867987
6103515625
6029296875
5980078125
5955980625
5931980229
5907360375
5859137025
5811307335
5537109375
5514796875
5469778125
5447736945
5425126875
5403265623
5380840125
5126953125
5064609375
5044200875
5023265625
5003023725
4982259375
4962182715
4921675101
4689453125
4651171875
4632429375
4613203125
4594613625
4557106575
4519905705
4306640625
4271484375
4254271875
4237128735
4219543125
4202539929
4185097875
3955078125
3939140625
3906984375
3891240675
3875090625
3859475445
3827969523
3662109375
3617578125
3603000625
3588046875
3573588375
3544416225
3515482215
3486784401
3349609375
3322265625
3308878125
3281866875
3268642167
3255076125
3228504075
3076171875
3038765625
3026520525
3013959375
3001814235
2989355625
2977309629
2813671875
2790703125
2779457625
2767921875
2756768175
2734263945
2711943423
2583984375
2573571875
2562890625
2552563125
2542277241
2531725875
2511058725
2392578125
2373046875
2363484375
2344190625
2334744405
2325054375
2315685267
2197265625
2170546875
2161800375
2152828125
2144153025
2126649735
2109289329
2009765625
1993359375
1985326875
1977326743
1969120125
1953045675
1937102445
1845703125
1838265625
1823259375
1815912315
1808375625
1801088541
1793613375
1708984375
1688203125
1674421875
1667674575
1660753125
1654060905
1640558367
1550390625
1544143125
1537734375
1531537875
1519035525
1506635235
1435546875
1423828125
1418090625
1412376245
1406514375
1400846643
1395032625
1318359375
1313046875
1302328125
1297080225
1291696875
1286491815
1275989841
1220703125
1205859375
1196015625
1191196125
1181472075
1171827405
1162261467
1107421875
1102959375
1093955625
1089547389
1085025375
1076168025
1025390625
1012921875
1008840175
1004653125
1000604745
996451875
992436543
937890625
930234375
926485875
922640625
918922725
911421315
903981141
861328125
854296875
850854375
847425747
843908625
837019575
791015625
787828125
781396875
778248135
775018125
771895089
732421875
723515625
720600125
717609375
714717675
708883245
703096443
669921875
664453125
661775625
656373375
651015225
645700815
615234375
607753125
605304105
602791875
600362847
597871125
562734375
558140625
555891525
553584375
551353635
546852789
516796875
514714375
512578125
510512625
506345175
502211745
478515625
474609375
472696875
468838125
466948881
465010875
439453125
434109375
432360075
430565625
428830605
425329947
401953125
398671875
397065375
393824025
390609135
387420489
369140625
367653125
364651875
363182463
361675125
358722675
341796875
337640625
334884375
333534915
332150625
330812181
310078125
308828625
307546875
306307575
303807105
301327047
287109375
284765625
283618125
282475249
281302875
279006525
263671875
262609375
260465625
259416045
258339375
257298363
244140625
241171875
239203125
238239225
236294415
234365481
221484375
220591875
218791125
217005075
215233605
205078125
202584375
201768035
200930625
200120949
199290375
187578125
186046875
185297175
184528125
183784545
182284263
172265625
170859375
170170875
168781725
167403915
158203125
157565625
156279375
155649627
155003625
146484375
144703125
144120025
143521875
142943535
141776649
133984375
132890625
132355125
131274675
130203045
129140163
123046875
121550625
121060821
120558375
119574225
112546875
111628125
111178305
110716875
110270727
103359375
102942875
102515625
102102525
101269035
100442349
95703125
94921875
94539375
93767625
93002175
87890625
86821875
86472015
86113125
85766121
80390625
79734375
79413075
78764805
78121827
73828125
73530625
72930375
72335025
71744535
68359375
67528125
66976875
66706983
66430125
62015625
61765725
61509375
61261515
60761421
57421875
56953125
56723625
56260575
55801305
52734375
52521875
52093125
51883209
51667875
48828125
48234375
47840625
47647845
47258883
44296875
44118375
43758225
43401015
43046721
41015625
40516875
40353607
40186125
39858075
37515625
37209375
37059435
36905625
36756909
34453125
34171875
34034175
33756345
33480783
31640625
31513125
31255875
31000725
29296875
28940625
28824005
28704375
28588707
26796875
26578125
26471025
26254935
26040609
24609375
24310125
24111675
23914845
22509375
22325625
22235661
22143375
20671875
20588575
20503125
20420505
20253807
19140625
18984375
18907875
18753525
18600435
17578125
17364375
17294403
17222625
16078125
15946875
15882615
15752961
14765625
14706125
14586075
14467005
14348907
13671875
13505625
13395375
13286025
12403125
12353145
12301875
12252303
11484375
11390625
11344725
11252115
11160261
10546875
10504375
10418625
10333575
9765625
9646875
9568125
9529569
8859375
8823675
8751645
8680203
8203125
8103375
8037225
7971615
7503125
7441875
7411887
7381125
6890625
6834375
6806835
6751269
6328125
6302625
6251175
6200145
5859375
5788125
5764801
5740875
5359375
5315625
5294205
5250987
4921875
4862025
4822335
4782969
4501875
4465125
4428675
4134375
4117715
4100625
4084101
3828125
3796875
3781575
3750705
3720087
3515625
3472875
3444525
3215625
3189375
3176523
2953125
2941225
2917215
2893401
2734375
2701125
2679075
2657205
2480625
2470629
2460375
2296875
2278125
2268945
2250423
2109375
2100875
2083725
2066715
1953125
1929375
1913625
1771875
1764735
1750329
1640625
1620675
1607445
1594323
1500625
1488375
1476225
1378125
1366875
1361367
1265625
1260525
1250235
1240029
1171875
1157625
1148175
1071875
1063125
1058841
984375
972405
964467
900375
893025
885735
826875
823543
820125
765625
759375
756315
750141
703125
694575
688905
643125
637875
590625
588245
583443
546875
540225
535815
531441
496125
492075
459375
455625
453789
421875
420175
416745
413343
390625
385875
382725
354375
352947
328125
324135
321489
300125
297675
295245
275625
273375
253125
252105
250047
234375
231525
229635
214375
212625
196875
194481
180075
178605
177147
165375
164025
153125
151875
151263
140625
138915
137781
128625
127575
118125
117649
109375
108045
107163
99225
98415
91875
91125
84375
84035
83349
78125
77175
76545
70875
65625
64827
60025
59535
59049
55125
54675
50625
50421
46875
46305
45927
42875
42525
39375
36015
35721
33075
32805
30625
30375
28125
27783
25725
25515
23625
21875
21609
19845
19683
18375
18225
16875
16807
15625
15435
15309
14175
13125
12005
11907
11025
10935
10125
9375
9261
8575
8505
7875
7203
6615
6561
6125
6075
5625
5145
5103
4725
4375
3969
3675
3645
3375
3125
3087
2835
2625
2401
2205
2187
2025
1875
1715
1701
1575
1323
1225
1215
1125
1029
945
875
735
729
675
625
567
525
441
405
375
343
315
245
243
225
189
175
147
135
125
105
81
75
63
49
45
35
27
25
21
15
9
7
5
3
